3054369
405243
416613
547563
356188
10683512
56318256
646020
618526
405240
7986170
618461
9830444
637038
405252
964243
53056161
4953367
52179836
416978
416625
708026
53080935
7857797
465219
67567419
702134
9416519
575388
502113
416990
10785805
54665
486766
416911
359484
233157
208248
38323087
356387
3831591
459840
55897
44224953
426396
459201
456506
561879
3054369
405243
416613
547563
356188
10683512
56318256
646020
618526
405240
7986170
618461
9830444
637038
405252
964243
53056161
4953367
52179836
416978
416625
708026
53080935
7857797
465219
67567419
702134
9416519
575388
502113
416990
10785805
54665
486766
416911
359484
233157
208248
38323087
356387
3831591
459840
55897
44224953
426396
459201
456506
561879
3054369
405243
416613
547563
356188
10683512
56318256
646020
618526
405240
7986170
618461
9830444
637038
405252
964243
53056161
4953367
52179836
416978
416625
708026
53080935
7857797
465219
67567419
702134
9416519
575388
502113
416990
10785805
54665
486766
416911
359484
233157
208248
38323087
356387
3831591
459840
55897
44224953
426396
459201
456506
561879
3054369
405243
416613
547563
356188
10683512
56318256
646020
618526
405240
7986170
618461
9830444
637038
405252
964243
53056161
4953367
52179836
416978
416625
708026
53080935
7857797
465219
67567419
702134
9416519
575388
502113
416990
10785805
54665
486766
416911
359484
233157
208248
38323087
356387
3831591
459840
55897
44224953
426396
459201
456506
561879
3054369
405243
416613
547563
356188
10683512
56318256
646020
618526
405240
7986170
618461
9830444
637038
405252
964243
53056161
4953367
52179836
416978
416625
708026
53080935
7857797
465219
67567419
702134
9416519
575388
502113
416990
10785805
54665
486766
416911
359484
233157
208248
38323087
356387
3831591
459840
55897
44224953
426396
459201
456506
561879
3054369
405243
416613
547563
356188
10683512
56318256
646020
618526
405240
7986170
618461
9830444
637038
405252
964243
53056161
4953367
52179836
416978
416625
708026
53080935
7857797
465219
67567419
702134
9416519
575388
502113
416990
10785805
54665
486766
416911
359484
233157
208248
38323087
356387
3831591
459840
55897
44224953
426396
459201
456506
561879
3054369
405243
416613
547563
356188
10683512
56318256
646020
618526
405240
7986170
618461
9830444
637038
405252
964243
53056161
4953367
52179836
416978
416625
708026
53080935
7857797
465219
67567419
702134
9416519
575388
502113
416990
10785805
54665
486766
416911
359484
233157
208248
38323087
356387
3831591
459840
55897
44224953
426396
459201
456506
561879
3054369
405243
416613
547563
356188
10683512
56318256
646020
618526
405240
7986170
618461
9830444
637038
405252
964243
53056161
4953367
52179836
416978
416625
708026
53080935
7857797
465219
67567419
702134
9416519
575388
502113
416990
10785805
54665
486766
416911
359484
233157
208248
38323087
356387
3831591
459840
55897
44224953
426396
459201
456506
561879
3054369
405243
416613
547563
356188
10683512
56318256
646020
618526
405240
7986170
618461
9830444
637038
405252
964243
53056161
4953367
52179836
416978
416625
708026
53080935
7857797
465219
67567419
702134
9416519
575388
502113
416990
10785805
54665
486766
416911
359484
233157
208248
38323087
356387
3831591
459840
55897
44224953
426396
459201
456506
561879
3054369
405243
416613
547563
356188
10683512
56318256
646020
618526
405240
7986170
618461
9830444
637038
405252
964243
53056161
4953367
52179836
416978
416625
708026
53080935
7857797
465219
67567419
702134
9416519
575388
502113
416990
10785805
54665
486766
416911
359484
233157
208248
38323087
356387
3831591
459840
55897
44224953
426396
459201
456506
561879
3054369
405243
416613
547563
356188
10683512
56318256
646020
618526
405240
7986170
618461
9830444
637038
405252
964243
53056161
4953367
52179836
416978
416625
708026
53080935
7857797
465219
67567419
702134
9416519
575388
502113
416990
10785805
54665
486766
416911
359484
233157
208248
38323087
356387
3831591
459840
55897
44224953
426396
459201
456506
561879
3054369
405243
416613
547563
356188
10683512
56318256
646020
618526
405240
7986170
618461
9830444
637038
405252
964243
53056161
4953367
52179836
416978
416625
708026
53080935
7857797
465219
67567419
702134
9416519
575388
502113
416990
10785805
54665
486766
416911
359484
233157
208248
38323087
356387
3831591
459840
55897
44224953
426396
459201
456506
561879
3054369
405243
416613
547563
356188
10683512
56318256
646020
618526
405240
7986170
618461
9830444
637038
405252
964243
53056161
4953367
52179836
416978
416625
708026
53080935
7857797
465219
67567419
702134
9416519
575388
502113
416990
10785805
54665
486766
416911
359484
233157
208248
38323087
356387
3831591
459840
55897
44224953
426396
459201
456506
561879
3054369
405243
416613
547563
356188
10683512
56318256
646020
618526
405240
7986170
618461
9830444
637038
405252
964243
53056161
4953367
52179836
416978
416625
708026
53080935
7857797
465219
67567419
702134
9416519
575388
502113
416990
10785805
54665
486766
416911
359484
233157
208248
38323087
356387
3831591
459840
55897
44224953
426396
459201
456506
561879
3054369
405243
416613
547563
356188
10683512
56318256
646020
618526
405240
7986170
618461
9830444
637038
405252
964243
53056161
4953367
52179836
416978
416625
708026
53080935
7857797
465219
67567419
702134
9416519
575388
502113
416990
10785805
54665
486766
416911
359484
233157
208248
38323087
356387
3831591
459840
55897
44224953
426396
459201
456506
561879
3054369
405243
416613
547563
356188
10683512
56318256
646020
618526
405240
7986170
618461
9830444
637038
405252
964243
53056161
4953367
52179836
416978
416625
708026
53080935
7857797
465219
67567419
702134
9416519
575388
502113
416990
10785805
54665
486766
416911
359484
233157
208248
38323087
356387
3831591
459840
55897
44224953
426396
459201
456506
561879
3054369
405243
416613
547563
356188
10683512
56318256
646020
618526
405240
7986170
618461
9830444
637038
405252
964243
53056161
4953367
52179836
416978
416625
708026
53080935
7857797
465219
67567419
702134
9416519
575388
502113
416990
10785805
54665
486766
416911
359484
233157
208248
38323087
356387
3831591
459840
55897
44224953
426396
459201
456506
561879
3054369
405243
416613
547563
356188
10683512
56318256
646020
618526
405240
7986170
618461
9830444
637038
405252
964243
53056161
4953367
52179836
416978
416625
708026
53080935
7857797
465219
67567419
702134
9416519
575388
502113
416990
10785805
54665
486766
416911
359484
233157
208248
38323087
356387
3831591
459840
55897
44224953
426396
459201
456506
561879
3054369
405243
416613
547563
356188
10683512
56318256
646020
618526
405240
7986170
618461
9830444
637038
405252
964243
53056161
4953367
52179836
416978
416625
708026
53080935
7857797
465219
67567419
702134
9416519
575388
502113
416990
10785805
54665
486766
416911
359484
233157
208248
38323087
356387
3831591
459840
55897
44224953
426396
459201
456506
561879
3054369
405243
416613
547563
356188
10683512
56318256
646020
618526
405240
7986170
618461
9830444
637038
405252
964243
53056161
4953367
52179836
416978
416625
708026
53080935
7857797
465219
67567419
702134
9416519
575388
502113
416990
10785805
54665
486766
416911
359484
233157
208248
38323087
356387
3831591
459840
55897
44224953
426396
459201
456506
561879