547563
73795655
405243
73795621
416613
10683512
356188
708026
618526
3054369
405252
416978
646020
455445
9830444
416625
964243
52179836
465219
459840
502113
73795660
3831591
618461
7986170
637038
76181490
359484
233157
702134
456506
7857797
55582245
416990
56318256
53056161
483562
4312979
702132
208248
566867
561879
72487168
38323087
416911
53080935
54665
486766
547563
73795655
405243
73795621
416613
10683512
356188
708026
618526
3054369
405252
416978
646020
455445
9830444
416625
964243
52179836
465219
459840
502113
73795660
3831591
618461
7986170
637038
76181490
359484
233157
702134
456506
7857797
55582245
416990
56318256
53056161
483562
4312979
702132
208248
566867
561879
72487168
38323087
416911
53080935
54665
486766
469404
4210949
58189861
229779
54021947
50085665
310917
57268501
49020913
53384260
70833240
6403893
20392171
49728912
14388647
8157795
53254176
1582161
1609191
.html?sp
24255305
6642977
72040315
65101200
459077
561957
49729824
41169027
9355345
66930382
456521
37929811
51352620
26691653
4953361
2045569
491362
72036884
14033602
57663110
27609946
3424667
27654198
582271
502118
51424090
12481716
561924
20111924
48161383
35920722
2775643
14293641
53562788
73788531
54439144
12090644
4026305
447638
511960
447634
11609717
491328
1605999
2045801
48877698
67480516
26689717
6711831
58873710
10683352
22883541
448538
8141066
57316028
16667097
53840143
2301357
2121583
73164903
25206026
10001369
12108488
203734
31837271
419310
10001367
10791780
14298446
560168
17954259
20907214
49368888
33108693
57912964
63065840
547563
73795655
405243
73795621
416613
10683512
356188
708026
618526
3054369
405252
416978
646020
455445
9830444
416625
964243
52179836
465219
459840
502113
73795660
3831591
618461
7986170
637038
76181490
359484
233157
702134
456506
7857797
55582245
416990
56318256
53056161
483562
4312979
702132
208248
566867
561879
72487168
38323087
416911
53080935
54665
486766
24801234
54008310
310993
12481715
55140203
4981857
11528560
17474656
1367255
8851126
2010093
9825203
575505
57620993
23393172
816127
426396
6410757
10777708
6816557
14469139
.html?sp
53788962
32308294
30857999
561953
8315202
10001324
9344705
13333554
10769836
459152
618758
68832744
556922
51087321
12204837
857916
63483847
703761
58954114
10001384
1406949
60715918
54011966
26029837
25113677
72941229
547563
73795655
405243
73795621
416613
10683512
356188
708026
618526
3054369
405252
416978
646020
455445
9830444
416625
964243
52179836
465219
459840
502113
73795660
3831591
618461
7986170
637038
76181490
359484
233157
702134
456506
7857797
55582245
416990
56318256
53056161
483562
4312979
702132
208248
566867
561879
72487168
38323087
416911
53080935
54665
486766
764581
69173494
963165
56903194
65948026
7975941
491442
10814579
20904905
67619329
71508905
4070487
1036160
48509229
36634252
20412302
356386
46645696
4953341
8997014
55998202
36434333
11199934
55880902
23362701
8114282
655470
33421701
67224380
44984825
57652434
72689407
10001388
23783035
10001326
456500
25006660
486760
2086067
17952606
11200514
2067059
7066573
46237085
1685931
14518091
67257745
15445767
615976
72324020
7355259
14602405
311788
691879
416532
56694005
9850897
615963
68828151
54839622
38072358
11199995
457264
6173175
55576273
51050952
15506461
44055639
58667989
7975728
576784
2045567
31140445
30707790
56097175
72521998
8315046
71062304
50944013
12735027
464591
23382542
459632
72934384
2045591
.html?sp
7067793
9148580
11449535
456525
23536612
59407950
10795860
58957932
13397495
3311319
24863133
35737361
50619542
1911005
56195676
3718239
11194805
456503
54889013
10005392
8122898
33164951
54828546
205544
70722482
3209659
50179247
58671786
11407472
575389
74774854
33752056
48432507
73682498
14047157
11023405
55146278
7855522
544992
15674038
7067673
17904891
763155
28241326
15475469
72308267
22030673
.html?sp
51599592
29455014
23911709
39705360
5913881
2169297
2249745
57652438
8018484
53840141
10590207
59505903
26166686
49082603
68821748
6405829
4345687
764198
57767919
51987865
41316363
50230120
5844049
68230948
73170312
21459682
33793341
10001349
45553445
36306343
16656103
73666130
16079268
12108701
22021194
55517514
16293310
763594
29042164
14606621
25184004
8141072
56641198
23371648
10785765
575591
10566733
1684009
2903577
54635796
12404568
21316309
4748153
45806716
3209613
73137069
10368701
74343369
547563
73795655
405243
73795621
416613
10683512
356188
708026
618526
3054369
405252
416978
646020
455445
9830444
416625
964243
52179836
465219
459840
502113
73795660
3831591
618461
7986170
637038
76181490
359484
233157
702134
456506
7857797
55582245
416990
56318256
53056161
483562
4312979
702132
208248
566867
561879
72487168
38323087
416911
53080935
54665
486766
547563
73795655
405243
73795621
416613
10683512
356188
708026
618526
3054369
405252
416978
646020
455445
9830444
416625
964243
52179836
465219
459840
502113
73795660
3831591
618461
7986170
637038
76181490
359484
233157
702134
456506
7857797
55582245
416990
56318256
53056161
483562
4312979
702132
208248
566867
561879
72487168
38323087
416911
53080935
54665
486766
30676879
20642034
26322461
34476640
74556865
73812294
35729836
20393324
14143499
21431573
57652429
509716
11449087
31966736
51501467
.html?sp
70692033
65030877
386464
448544
13392137
46178917
37891357
52789989
32248506
8826553
10541255
53085970
12231525
11738229
14047026
55662979
24727789
16675019
12110556
12419745
48650731
11509700
26274900
75612843
73806068
20519968
588005
405240
52269671
50604092
491372
688845
547563
73795655
405243
73795621
416613
10683512
356188
708026
618526
3054369
405252
416978
646020
455445
9830444
416625
964243
52179836
465219
459840
502113
73795660
3831591
618461
7986170
637038
76181490
359484
233157
702134
456506
7857797
55582245
416990
56318256
53056161
483562
4312979
702132
208248
566867
561879
72487168
38323087
416911
53080935
54665
486766
547563
73795655
405243
73795621
416613
10683512
356188
708026
618526
3054369
405252
416978
646020
455445
9830444
416625
964243
52179836
465219
459840
502113
73795660
3831591
618461
7986170
637038
76181490
359484
233157
702134
456506
7857797
55582245
416990
56318256
53056161
483562
4312979
702132
208248
566867
561879
72487168
38323087
416911
53080935
54665
486766
547563
73795655
405243
73795621
416613
10683512
356188
708026
618526
3054369
405252
416978
646020
455445
9830444
416625
964243
52179836
465219
459840
502113
73795660
3831591
618461
7986170
637038
76181490
359484
233157
702134
456506
7857797
55582245
416990
56318256
53056161
483562
4312979
702132
208248
566867
561879
72487168
38323087
416911
53080935
54665
486766
24669828
10816176
72335209
73806436
58583531
3527007
1549657
50772516
7117761
44349631
746648
9364951
9734523
8114283
22064639
33197221
53708750
481761
25621290
66901089
72957820
9353663
75557637
72128653
73159012
7066207
12126377
32373575
8141074
16656117
70692012
52981698
56696116
11200914
15356062
63183906
7964489
10697859
1523227
10696649
57770427
36779297
47215133
915486
41335383
73159008
431738
11606713
58604848
59203076
8105301
34709360
20637588
53182175
2352955
21440473
455645
1536035
15337513
47073182
51521510
23820137
68368798
459628
20612430
6165609
1677979
11868318
24428990
25007161
283958
58533785
46634155
49652338
58122347
21147413
53840155
7064547
991339
28055383
12404622
24430832
54672665
56372269
11199435
1549699
63562014
39992118
459843
14127369
70692002
15290080
595607
72322957
32463432
16314115
547563
73795655
405243
73795621
416613
10683512
356188
708026
618526
3054369
405252
416978
646020
455445
9830444
416625
964243
52179836
465219
459840
502113
73795660
3831591
618461
7986170
637038
76181490
359484
233157
702134
456506
7857797
55582245
416990
56318256
53056161
483562
4312979
702132
208248
566867
561879
72487168
38323087
416911
53080935
54665
486766